{'latitude': 46.41735249574444,
 'length': 64430.68217995092,
 'surf_area': 579436887.7106365,
 'volume': 89000e6,
 'width': 23316.80859723588,
 'extinction_coeff':0.65}   