{'latitude': 47.34915812277979,
 'length': 6461.515940470986,
 'surf_area': 8116820.36721157,
 'volume': 148.5e6,
 'width': 1827.9599170120562,
 'extinction_coeff':0.65}   